melspec:
  mean: -1.4545762538909912
  std: 3.5681493282318115
mfcc:
  mean: -0.5358678698539734
  std: 3.1803793907165527
